9.50269980999958e-08
2.901495045565533e-05
[[-0.02345315  0.02051906 -0.02880659 ...  0.01920121 -0.05310812
   0.04058268]
 [ 0.07323711  0.0441902  -0.02013011 ... -0.04843096 -0.01259349
   0.04862219]
 [-0.02037087  0.06106596 -0.0028937  ...  0.12663583  0.01348188
   0.01197663]
 ...
 [ 0.03828735  0.04528567  0.04338688 ... -0.00742125  0.06990066
   0.02769835]
 [-0.053335   -0.06664551  0.02697081 ...  0.06154381 -0.00823947
  -0.0291487 ]
 [-0.04389503 -0.01793072 -0.01485318 ... -0.07110185  0.01810104
  -0.01739267]]
[-6.13467979e-23  1.14950130e-22 -6.08043037e-23 -7.75509639e-24
  3.87508530e-23  9.97826305e-23 -1.14892811e-22 -1.58059385e-22
  2.96624159e-22 -1.55165274e-22 -1.43702828e-22 -1.03044078e-22
  2.32771337e-22 -3.04144669e-23 -1.09530656e-22 -4.90665328e-23
  1.35861137e-22 -1.08035242e-22 -5.13044894e-23  1.96126701e-22
  1.88724940e-22 -1.80903926e-22 -3.22477023e-23 -8.24514622e-23
 -1.68344820e-22  1.45211088e-22 -2.64397083e-23  1.97087668e-23
 -5.69089368e-23 -4.97867461e-23  5.18436483e-23  9.48149952e-23
 -6.72632610e-23  3.99016869e-23 -4.57006432e-23 -9.12082992e-24
  1.08518839e-22  7.10065226e-23 -2.06507651e-22 -5.13958568e-23
 -1.33270717e-22  2.16584866e-22 -1.64646903e-23  7.46831401e-23
  5.88887688e-23  1.05482963e-22 -1.21704925e-22  2.35563874e-23
  4.41436480e-23  1.22594265e-22 -2.08092731e-22 -9.85766213e-24
  9.18075145e-23 -3.56297630e-23 -4.28958816e-23 -6.97959279e-23
 -3.05922288e-23  1.13195074e-22  9.77488343e-24 -2.78305483e-22
 -2.53578992e-23  1.23765248e-22  9.25480467e-23 -1.06146236e-22
  3.81482150e-23 -2.10539932e-22  1.25517756e-22  8.79797801e-23
 -9.97963718e-23  1.57501128e-22  6.40086855e-23  3.80494834e-23
 -1.02815131e-22 -1.87267942e-23  2.16261755e-22  6.44973262e-23
 -2.98089206e-23 -6.93651049e-23  1.33054840e-22  1.38617522e-22
  1.20556208e-22 -8.56689339e-24 -8.66149219e-23  2.17752901e-23
 -2.89784950e-23 -1.32462119e-22 -2.00506095e-24  1.30642273e-22
  6.52521054e-23 -4.07800851e-24 -1.01313494e-22  3.13878056e-23
  5.58695464e-23 -1.14080938e-22 -2.20826299e-23 -1.94255472e-22
  7.00202664e-23 -1.37118176e-23 -1.71696586e-22 -4.15975718e-24
 -1.73278128e-24 -9.20173143e-23  1.91869461e-23  9.98789908e-23
 -1.36275466e-22 -4.50907151e-23 -1.05026395e-22  1.38022593e-23
  7.98032530e-24 -1.04088544e-23  3.06876106e-23 -1.27652661e-22
 -2.74174576e-23  1.73849539e-23 -1.29154316e-22 -2.96120698e-23
 -1.27961596e-22  4.42491440e-23 -1.22811865e-22  1.16476310e-22
  3.08383250e-23  1.50701115e-22 -1.11432722e-22  1.08986411e-22
 -9.72191406e-23 -1.36540890e-22  7.38093676e-23 -1.26161762e-22
 -3.67312823e-23 -9.96459693e-23 -7.03042487e-23 -8.75326526e-23
  1.51536461e-22 -5.41579657e-23  3.27595495e-23  2.63546242e-23
  6.78502090e-23 -6.51815198e-23 -3.08205818e-23 -8.64785224e-25
 -5.75047387e-23  1.26375194e-23  1.37965973e-22 -1.46585251e-22
  8.70795336e-23 -5.19884667e-23 -1.02021495e-22 -4.00990458e-23
 -1.00030012e-22  3.73992368e-24 -5.99880922e-23  6.77008177e-23
  2.41840939e-23 -7.57764619e-23  1.98667769e-23  8.46793537e-24
 -5.01789637e-23  8.29816916e-24  1.49438259e-22  1.15711334e-22
  3.04641877e-23  4.48698328e-24 -5.38220567e-23  2.58066048e-22
  9.52049942e-23 -7.80680784e-23  3.84359408e-23  4.66698215e-23
  1.55230794e-22 -4.31860969e-23 -8.08551043e-23 -1.65437183e-22
 -2.27279026e-22 -7.28030943e-23  9.14000741e-23 -1.41829470e-22
  1.60654116e-22 -3.45579260e-22 -1.26897077e-24 -1.49886378e-22
  1.30122140e-22  1.85079709e-22 -3.36315890e-23 -1.07259286e-23
  2.57808442e-23  3.98806938e-23  9.24262261e-23  9.32078516e-23
 -3.31111694e-23 -1.24988505e-22 -4.17012266e-23  7.49354995e-23
  1.70066482e-22  1.75700983e-23 -1.04243952e-22  1.70805372e-22]
[[-0.15920909  0.00810278 -0.04521862 ...  0.14056709 -0.04651869
  -0.08568482]
 [-0.14842794 -0.00960885 -0.09027401 ...  0.01518227  0.05753564
   0.02005497]
 [-0.00240734 -0.03083638 -0.16703038 ... -0.11730688  0.10725817
  -0.18384092]
 ...
 [ 0.04007628 -0.01175341 -0.16636671 ... -0.00315599 -0.10396058
   0.03541668]
 [ 0.08999374  0.00832591 -0.02181755 ...  0.07816021 -0.03985238
   0.09664721]
 [ 0.05169116 -0.22769241 -0.17035988 ...  0.00248371  0.0285425
   0.08879149]]
[-7.14112162e-23 -1.35224953e-22 -1.51040679e-23  6.80890207e-23
 -3.33781870e-23 -3.75450463e-23 -1.73440179e-23 -2.91258061e-23
 -3.72138359e-23  2.96147398e-23  1.25362064e-23 -6.68082530e-23
  2.30805844e-23  1.80469597e-23  4.40578798e-23 -5.09992260e-23
 -8.46222239e-23  1.52961169e-23  6.82989236e-23 -6.76446349e-23
 -2.61347983e-25 -7.91953950e-24 -1.14051604e-22  7.31824156e-24
  1.31702395e-22 -1.99075856e-22  2.60862793e-22 -1.30633872e-24
 -8.04680822e-23  1.73985036e-22 -6.34975274e-23  1.15791691e-22
 -4.03119067e-23 -5.87625111e-23  3.30590943e-23  1.53051329e-22
 -2.64027005e-22 -9.01429003e-23  2.83051752e-23 -6.64876624e-23
  1.23655156e-22  7.96094206e-24 -2.76232881e-23 -8.87404528e-23
 -3.16711402e-23 -5.79675493e-23 -1.29760063e-22 -6.20266550e-23
 -8.50597730e-23 -7.60317416e-23 -1.79316020e-22 -5.09783952e-23
 -2.46273003e-22  7.02883316e-23 -6.50114675e-23 -9.44162378e-23
 -1.10594254e-23  1.29192882e-23  7.51642750e-23  4.10345121e-23
 -3.87565465e-23  9.27696485e-23 -8.51422813e-23  6.68662241e-24
 -1.09877960e-23  6.26629691e-23 -2.34739118e-23  1.37991956e-23
 -9.54951844e-23 -4.24689925e-23  1.80018807e-22 -6.03256790e-23
 -1.15440019e-22  8.18381359e-23 -8.12854105e-23 -6.49031417e-23
  3.96835714e-24  1.73866241e-23  3.02561902e-23  9.19673243e-23
 -1.90924759e-22  5.59314340e-23  5.47274395e-24  9.47112121e-23
  1.02283493e-22 -5.12164709e-23  5.42435679e-23  7.79132942e-23
  2.84520486e-23 -7.17997513e-23 -4.44605612e-24  4.71279574e-23
 -1.25873131e-23  2.36924013e-22  4.02385568e-24  6.96716599e-23
  4.63495302e-23  3.29385967e-23 -5.84743659e-23 -7.87915239e-23]
[[ 3.51288854e-02 -1.58004533e-01  5.19661068e-02  1.30128571e-01
   1.37299224e-01 -6.19428528e-03  2.01424358e-01  9.52278797e-03
  -1.37349196e-01 -2.65993428e-02]
 [-1.75055068e-01  1.28591325e-01 -1.98587901e-01 -2.04969426e-01
  -1.73783098e-02  7.08866386e-02 -1.72809220e-01 -4.80229024e-02
   1.05084001e-03 -1.94367706e-01]
 [ 2.87383789e-02  1.29114778e-01  7.81490419e-03  3.23752476e-02
   1.57354616e-03 -1.84386092e-02 -1.85912293e-01  4.62391803e-02
  -1.26281020e-01 -1.82714126e-01]
 [-2.35378959e-01 -2.39742095e-01  6.01407286e-02 -3.90017604e-02
   3.21073457e-02 -5.79318488e-02  6.41111924e-02 -3.80583230e-01
  -1.80039377e-01  3.06671352e-02]
 [-1.17642089e-01 -2.14974201e-02  2.35445168e-01  1.17501912e-01
   6.84229150e-02 -1.96890777e-02 -1.76194265e-01  3.35439871e-02
  -8.46027066e-02  4.87444683e-02]
 [ 1.79948261e-01  6.30425489e-02 -1.63612837e-01  1.95059744e-01
  -1.01222240e-01 -1.28895455e-01 -9.27891512e-02  2.24173811e-01
   2.69461979e-02 -6.81199601e-03]
 [-1.26637190e-01  2.47548186e-02 -8.39328185e-02  1.51074107e-01
   7.02270079e-02  1.87045051e-02  1.51256407e-01 -8.10867050e-02
  -3.87836229e-02 -8.95201840e-02]
 [-8.08252410e-02 -6.72891334e-02  9.96297695e-02 -9.84181170e-02
  -1.06370938e-01  1.15591897e-01 -2.70206676e-01 -6.79473482e-02
   1.69488417e-01 -4.25136393e-02]
 [ 5.16164607e-03  6.74149833e-03  2.12540103e-01 -9.35719292e-02
  -1.69081618e-04  3.96580422e-02  1.84103591e-01 -1.90891800e-02
   6.41771487e-02  2.69362234e-01]
 [-1.82171874e-01  3.30281595e-01 -4.13328668e-02  2.39339048e-01
  -1.76011381e-01 -3.87944322e-02  4.16430457e-02 -6.19734523e-02
  -7.83329255e-02 -5.14342133e-02]
 [ 1.15511639e-01 -3.97438495e-02 -2.07084486e-01  5.34459475e-02
  -1.56398341e-01  2.08987784e-01 -2.18805098e-01  9.79425288e-03
  -1.47264295e-01 -2.41829110e-02]
 [ 1.12114082e-01 -1.37364358e-01  7.07040514e-02 -1.48527752e-01
   2.60018930e-01  5.96719945e-02  6.98139913e-02 -1.68340739e-02
   9.31228672e-02 -1.41811592e-01]
 [-1.50276162e-01  4.44339395e-02 -8.38256477e-02 -1.44646882e-01
  -5.54937594e-02 -1.28837091e-02 -1.74514802e-01 -7.55369891e-02
  -3.48552265e-02 -1.76080840e-01]
 [ 8.87084744e-02 -6.25992352e-02  5.06977771e-02  1.45490894e-01
   2.87453259e-01 -2.32285633e-01 -1.89267152e-01  2.20814047e-02
   5.71516766e-02 -3.82201873e-02]
 [-1.87821058e-03  1.69200147e-01  2.36543276e-01  1.42017215e-01
   8.54893390e-02  3.20153617e-02  1.28226212e-01 -5.50941244e-02
  -6.23109006e-02 -1.81063379e-01]
 [-6.17039602e-02  1.44651726e-01 -8.06775071e-02  1.84438226e-01
   1.51418101e-01 -1.72169543e-02  1.90318504e-01  2.76604074e-01
   6.86243306e-03  1.00899254e-01]
 [-2.87268647e-02 -5.79112577e-02  3.29811961e-01 -3.19753396e-01
   1.05715122e-01 -6.17505642e-02  7.05344971e-02 -1.51777478e-01
   1.75190968e-01  9.73937054e-02]
 [ 2.96822246e-02 -1.33426435e-02  9.84167141e-02  1.55268212e-01
  -1.00711767e-01  3.83299529e-01 -1.08773658e-01  2.14472576e-01
  -1.33645156e-03  7.25998970e-02]
 [-3.43547496e-02  2.36022483e-01  1.00902793e-01 -3.07677004e-01
  -1.46316994e-02  2.26103496e-02  1.16824550e-01 -2.34676083e-01
   1.05898551e-01 -5.38371809e-02]
 [-2.75497675e-01  2.97771270e-02 -5.84778249e-02  2.80092777e-01
  -2.88371049e-01  3.19507267e-02 -1.19445704e-02 -2.33649360e-01
   2.49794131e-02 -7.33447211e-02]
 [ 3.32254328e-02  2.60375121e-01  2.28567063e-02 -3.75768000e-02
  -7.28500196e-02  1.21572895e-01  1.12499584e-02  2.08588176e-02
   7.84651971e-03  1.57311714e-01]
 [ 3.76788605e-02  1.01354592e-01  1.24712132e-01 -2.25486883e-01
   2.84359329e-01  6.37564364e-02 -1.97363357e-01 -2.40395328e-01
  -1.20077062e-01  3.40966678e-01]
 [-8.64590455e-02 -7.76241866e-02  9.40925695e-02  8.38638912e-02
  -3.00770824e-02  2.28012975e-01 -1.12054825e-02 -1.11951568e-01
   4.83223948e-02  8.93581747e-03]
 [ 2.91305133e-02  3.82738780e-02 -4.17106137e-02  2.91537132e-02
   3.83144959e-02  4.51212439e-02 -8.81669611e-02  1.65788153e-01
  -1.75471524e-01  8.68601750e-02]
 [-6.83792821e-02  9.87486534e-02  7.38656902e-02  6.68886197e-02
  -3.35849842e-01 -1.40791394e-01  1.48833759e-01  7.48414977e-02
  -3.86226859e-02  4.33708188e-02]
 [-3.96510828e-02 -6.27712999e-03  2.05811141e-01 -6.98011840e-02
  -1.57168774e-01  5.24554519e-01  7.08115982e-02 -2.30591716e-01
   6.70528308e-02  5.37286296e-02]
 [ 3.50832474e-02  9.16869045e-02  2.75774333e-01 -1.22080515e-01
   6.18750776e-02  1.96829432e-01 -2.61907692e-02 -3.89304158e-01
   2.61691693e-02 -1.11188136e-01]
 [ 1.39615874e-01  1.57710872e-01  1.97566793e-01 -2.26014970e-02
   1.43762553e-01 -1.26432138e-01 -2.02521496e-01  3.93687259e-02
  -3.02368736e-01 -4.86913870e-02]
 [-3.93746020e-02 -2.74640317e-01  7.92343290e-02  2.08414041e-02
  -5.97165911e-02  2.68820501e-02  1.26542763e-01  1.28695784e-02
   1.60232420e-01  1.68461133e-02]
 [-1.33234388e-01 -1.13865205e-01  1.87460128e-01 -4.49872973e-02
  -3.79605606e-02 -2.65578530e-01  2.06095417e-01 -2.37936688e-01
   2.34340427e-01 -2.64821195e-01]
 [-2.51393010e-02  1.90593107e-01 -7.34313084e-02  2.57611514e-02
  -1.57384751e-01 -1.20632649e-02 -9.77384557e-02  7.34122129e-02
   2.12291247e-01 -1.45195634e-01]
 [ 5.75483864e-02 -1.26543769e-01  7.27818662e-02  2.94714208e-01
  -2.22416822e-01 -8.17008252e-02 -6.93196879e-02 -1.63847340e-02
   2.44077061e-04  1.44643489e-01]
 [ 7.11158835e-02 -2.49825584e-01 -6.81097194e-02 -1.04441129e-01
  -7.73136082e-02  5.84605787e-02  1.00315909e-01  6.17636957e-02
  -1.40063197e-01 -2.29970726e-01]
 [ 1.23595800e-01 -6.57353740e-02  1.01400194e-01  7.41614180e-02
  -3.17905797e-02  1.54848321e-02 -1.71099570e-01  2.27458993e-01
   1.88715022e-01  9.68961915e-02]
 [-1.46886427e-02 -2.65787570e-01  6.49643628e-02  4.73247575e-02
  -2.74117343e-02 -6.34893648e-02  1.28307904e-02 -1.65533346e-02
   4.89858129e-02  3.47479236e-02]
 [ 1.96406318e-01 -7.03101325e-02 -2.88583367e-01  2.42330268e-02
  -6.30672630e-02 -1.48880759e-01 -1.37684233e-01  4.58916247e-02
  -9.77674841e-02  2.13244095e-01]
 [-6.07361897e-02 -4.33779669e-02  1.63748042e-01  8.06922581e-02
  -2.62912210e-01 -1.13033204e-01 -2.57220432e-01  1.08411761e-02
  -2.28322307e-01  3.88306777e-01]
 [ 2.08114481e-01  4.58672086e-03 -2.07165345e-01 -2.49078992e-01
  -1.77713648e-01 -9.54123003e-04 -1.62447329e-01  2.09470511e-01
   6.67474095e-02  2.13288900e-01]
 [-2.48888803e-02  7.86780816e-02  1.82694514e-01  1.50906818e-02
  -9.92278735e-02 -2.05801300e-01  2.30170257e-01 -9.89180442e-03
   7.70843837e-02  9.38265694e-02]
 [-5.52933884e-02  1.56652998e-01  4.10699794e-02  6.30908804e-02
   1.03118433e-01  1.95812271e-02  4.26020247e-02 -1.56003985e-01
   4.43028808e-02  9.40301507e-02]
 [ 6.41804855e-02 -3.42775173e-02 -1.12889570e-01  2.18088247e-01
  -1.34380826e-01 -2.39015959e-02  8.30242343e-02  1.63074094e-01
  -1.18492770e-01  1.22911065e-01]
 [ 9.96828046e-02 -8.22747122e-02  1.43717615e-01  2.48417788e-02
  -2.89524729e-02  9.69523484e-02 -3.64121591e-02  2.34769200e-02
   1.60303726e-01 -2.14112210e-01]
 [ 4.54057407e-02  2.64085951e-01  1.64112217e-02 -1.21062965e-01
   1.50754284e-01  8.43349512e-02 -2.31441977e-01 -9.54663278e-02
   9.90880847e-03  4.00562992e-02]
 [ 1.71373328e-01 -1.26682161e-02 -1.03145337e-01  2.02013519e-01
   3.89305593e-02  5.11032386e-02  2.66619906e-02 -3.34889208e-02
   3.22565929e-02 -3.17353842e-02]
 [-2.12618063e-01 -1.13776125e-01 -8.15529099e-02  1.70278749e-01
  -2.17555151e-01  1.18041274e-02  9.80023696e-02 -8.70615346e-02
  -2.67149084e-02 -2.96604141e-02]
 [-2.85360809e-01  8.53827918e-03 -2.11390519e-01  7.35737656e-02
  -1.33402807e-01 -4.62506299e-02 -3.27458177e-02  1.43601520e-01
   2.97965697e-01 -5.00680517e-02]
 [ 6.89107814e-02 -7.10938497e-03 -1.66854639e-02 -1.06602307e-01
   2.46015960e-01  1.42979377e-01 -3.22191351e-01 -7.25072893e-02
   8.77382991e-02  5.14635669e-02]
 [-1.45990748e-01  1.14741509e-01 -1.80840511e-01 -1.41517232e-01
   1.70476624e-01  2.66668405e-02  6.44849778e-02  1.98426328e-01
  -6.12307658e-02 -6.93641928e-02]
 [ 4.02143138e-02 -1.28255730e-01  8.09726737e-02  1.85741959e-01
  -1.02404586e-01  8.04803389e-02  1.56202064e-01  2.90669091e-01
   1.59697323e-01 -5.94016400e-02]
 [-3.54586389e-02  2.86224057e-02 -1.03099173e-02  2.58607888e-01
  -1.27840385e-01 -4.03920879e-02  5.44938649e-02 -3.86389214e-02
  -8.61400905e-02  7.23782523e-02]
 [-1.03491735e-01 -1.41682855e-01  1.62261656e-01 -1.87823565e-01
  -6.87621767e-02  2.00098303e-01  2.22359957e-01 -8.53466050e-02
   1.44207554e-01 -3.32469994e-02]
 [ 1.88511827e-02  1.18444200e-01 -1.70032079e-01  9.66359899e-02
  -5.29607885e-02  2.37217139e-01  1.35401982e-01 -1.96546286e-01
  -3.21305369e-01  9.92347168e-03]
 [ 1.71803962e-01 -1.98594361e-01 -2.87653807e-01  3.77334865e-02
   9.65225421e-02 -1.05144156e-01  4.82541972e-02  9.33757035e-02
   8.24501606e-02 -1.92868868e-02]
 [ 2.32691138e-01  1.50224259e-01  4.74923915e-02  4.83747607e-02
  -7.32076890e-02 -1.16346304e-01  1.04383196e-01  1.67066310e-01
  -2.20387175e-01 -3.92662690e-02]
 [-2.93519214e-01  2.30965009e-01 -1.42124652e-01  2.67816409e-01
   1.28975842e-02 -7.51871417e-02  9.42229943e-02 -8.93505395e-02
  -5.27844442e-03  3.00451707e-02]
 [ 2.01278242e-01  1.37058281e-01  1.74660735e-01  1.01759649e-01
  -1.86954468e-01  5.20768661e-02  1.57802027e-01  1.80486331e-01
  -1.47145770e-01 -7.15674861e-02]
 [ 8.11604039e-03 -6.83505483e-02 -1.15401492e-02 -7.56730647e-03
   3.52727042e-03  1.27720322e-01  7.51999697e-02 -2.95593759e-02
  -7.35760073e-02  5.44294966e-02]
 [ 1.06265227e-01 -1.45450895e-01  4.70780164e-01  1.90664169e-02
   3.46920395e-03 -5.02574165e-02  8.87986178e-02 -3.66493330e-02
   1.79611540e-01  6.15435007e-03]
 [ 1.38085027e-01  2.30033039e-02  1.23001980e-01 -1.37319456e-01
  -2.32719408e-02  2.22694724e-01 -1.89523495e-02 -2.00546886e-01
  -1.43839698e-01 -8.93780312e-02]
 [ 1.53766211e-01 -1.48089357e-01 -1.42119022e-01  1.11407138e-01
  -1.52313772e-02  1.01088212e-01  1.16654750e-02 -6.72274994e-02
  -5.42294571e-02 -9.94958541e-02]
 [-5.22947887e-02  1.44233380e-01  3.16492358e-01 -1.18712910e-01
  -4.57466417e-02  3.77744649e-02 -1.43248323e-01  1.64984739e-01
  -4.22554250e-02 -1.11000925e-01]
 [-3.76945276e-03 -1.63905465e-01  1.94159946e-01 -7.98209907e-02
  -5.80950359e-04 -1.02718365e-01 -1.01307631e-01  3.37688688e-03
   2.29367765e-01 -5.25869522e-03]
 [ 1.74984573e-01  2.01508803e-01 -1.92600734e-01 -2.30011203e-01
   2.13470589e-01  8.03426897e-02 -2.11359003e-01  1.49234137e-01
  -1.70667526e-01 -3.84525084e-02]
 [-1.48979278e-01 -2.24759266e-01 -3.15910849e-02 -5.73323370e-02
  -1.29078433e-01  4.56200603e-02  1.27110348e-01  1.15731456e-01
   3.40058093e-02 -4.92252811e-01]
 [-1.16045609e-01 -1.03838622e-01  8.52199508e-03 -1.41371166e-01
   2.55948440e-01  7.50548505e-03 -2.07354218e-01  1.06986724e-02
  -3.92849687e-02 -2.72634953e-02]
 [-8.99408571e-02 -2.02545030e-01 -5.65351904e-02  3.29453404e-02
   3.31718572e-02  1.47879606e-01  7.09057264e-02 -1.03030679e-01
  -2.79485258e-01  1.35756984e-01]
 [-1.14622256e-01  2.02827855e-01 -7.31307981e-02 -8.54077491e-03
  -5.06962520e-05 -1.81698344e-01  5.07862274e-02 -8.24558579e-02
  -1.02324556e-01  5.52042489e-02]
 [ 8.70833004e-02 -2.84891100e-01 -5.21556844e-03 -1.42978663e-01
   9.48967923e-03  3.12157152e-01 -4.12817269e-02  2.31802067e-01
   9.54162705e-02 -1.75669382e-01]
 [-2.06168289e-02  1.84498661e-01 -3.85904004e-01 -8.91998868e-02
   1.35838130e-01  2.26024983e-01  5.37518827e-02  2.21864778e-01
   1.09229017e-01  2.70817575e-02]
 [-1.29689658e-02  8.72010960e-02  3.89296245e-01 -5.64705498e-04
   9.31771460e-02 -1.55814812e-01  5.32667889e-02  4.71068732e-02
  -1.82926993e-01  2.52159516e-01]
 [ 1.03240270e-01  2.32825584e-01 -7.73950796e-02  3.14464580e-01
  -2.18438870e-01 -1.19852675e-01  2.15335234e-01  1.33142526e-01
  -1.49744991e-01  2.57154947e-02]
 [ 1.04106621e-02 -6.52338135e-02  1.55000313e-01  2.81475827e-01
   4.01973597e-02 -9.94028307e-03 -8.41523249e-02 -8.02985045e-02
   4.15749615e-02  6.86288285e-03]
 [-1.61505215e-01 -2.50732784e-02 -6.49605980e-02  2.48767213e-02
  -1.51674297e-01 -4.47367681e-03  1.66926495e-01  3.17598348e-01
   2.97501946e-01  1.34361481e-02]
 [ 2.12049755e-01  8.05126092e-02  6.80577662e-02  2.45073586e-01
   7.97753586e-02 -8.04309952e-02 -1.28385426e-01  6.54577887e-02
  -9.39962514e-02 -1.39173453e-02]
 [-1.05818960e-01  5.99234947e-02 -9.31444668e-02 -1.67409800e-02
  -1.13736840e-01  1.64666053e-02 -1.07857071e-01  2.84778194e-01
  -2.13766422e-01  8.31870658e-02]
 [ 1.48818457e-01 -4.18290736e-02 -1.02531108e-01 -2.77851467e-02
   3.63681086e-02 -5.75731332e-02 -6.16659953e-02 -2.79035734e-01
  -2.16702948e-01  9.17621768e-02]
 [-1.92479039e-02 -1.61054435e-01 -8.68589352e-02  7.37773412e-02
  -6.93946879e-02 -1.42968526e-01  1.37646646e-01  1.16813626e-01
  -1.49496744e-01 -5.84622174e-02]
 [-1.58148673e-01  1.66549846e-01  1.50236747e-01 -2.61698440e-01
  -1.59915618e-01 -9.18734882e-02 -9.68033035e-02 -1.33151461e-01
   1.17629580e-03 -8.44925916e-02]
 [ 1.17528128e-01  1.80409755e-01  1.06772686e-03 -1.45266767e-01
   6.27523244e-02  1.66399515e-01  2.50233798e-03  1.70094263e-01
  -5.04857748e-03  7.21421320e-02]
 [-2.19605693e-01  2.44028418e-02 -1.84206328e-01 -8.34491481e-02
   1.22610312e-01 -3.19109934e-03 -9.19957189e-02 -4.45606660e-02
   3.25446625e-02 -1.20317141e-01]
 [-3.46966699e-02 -1.11855385e-01 -3.74829468e-01  2.93430360e-02
   2.83863192e-01  4.16025321e-01  1.36573578e-01 -2.42107298e-01
   5.31776787e-02  5.34569960e-02]
 [ 7.18651799e-02 -2.27227563e-01  6.45040646e-02  6.06452878e-02
   3.68148529e-02 -5.38264721e-02  3.71045630e-02  1.03467291e-01
   3.16699909e-02  5.57902849e-02]
 [-5.90057522e-02  9.33881659e-03  5.60618380e-03  2.75958951e-02
  -2.29431300e-01  1.95016435e-01  1.12554373e-01  6.70779642e-02
   1.82666709e-01  2.78185164e-01]
 [ 1.33020215e-01  1.62629815e-01 -8.30157436e-02 -3.02311529e-01
   1.74834722e-01 -1.04680710e-01  2.22394826e-01  2.43703589e-02
   3.06946549e-01 -5.33424376e-03]
 [ 6.34951274e-02 -1.16602696e-01 -3.59102414e-01 -2.41352958e-02
   1.82125073e-01 -2.17653739e-02 -2.43067021e-01 -2.49800298e-01
  -1.25984589e-02  7.25852756e-02]
 [ 8.83770174e-02 -1.06795843e-01 -5.40795348e-02  7.29513946e-02
   5.86887752e-02  3.82988290e-02  5.78017727e-02  8.64489813e-02
  -1.33295038e-01 -2.15368233e-02]
 [ 2.36221909e-01 -5.09780212e-02 -2.39416728e-01 -1.37981362e-02
  -6.42285693e-02  1.44700723e-01  9.56203377e-02 -1.09796005e-01
  -1.94401882e-01 -2.77008075e-01]
 [ 2.97344304e-03 -3.11692042e-02  1.48118343e-01 -1.98328247e-01
   7.36170011e-02  8.29616554e-02 -3.46298321e-02 -9.19611648e-02
  -5.75834520e-02 -1.36617566e-01]
 [-1.39216092e-02 -8.13486552e-02  6.99822692e-02 -1.61055822e-01
   3.77197045e-02  1.11858504e-01  2.59501737e-01 -6.02882003e-02
   1.53847969e-01 -1.52184257e-01]
 [ 1.89714753e-01 -2.04216354e-02 -1.12227367e-01 -1.28671491e-01
  -3.38693052e-02 -9.66443464e-03  1.20020601e-01 -1.40835161e-01
   1.40568997e-01 -1.33121550e-01]
 [-8.14775789e-02  1.48341542e-01  1.02134557e-01 -2.87727462e-01
   1.03503684e-01 -7.19472668e-02 -2.23501532e-02  9.34944579e-02
   3.12931906e-02 -2.74983589e-01]
 [-5.99210408e-02 -1.06056689e-01 -5.48605207e-02 -5.59059428e-03
  -5.05391581e-03 -1.92670424e-01  3.36078489e-02 -1.09315896e-01
  -4.55864684e-02 -2.76303490e-01]
 [-9.85136163e-03  4.99749511e-02  1.90881600e-01 -1.42160174e-01
   2.56876494e-01 -1.15209369e-01 -1.28297293e-01  7.53790697e-02
  -1.91147368e-01 -3.27374687e-02]
 [-1.17502940e-03 -2.77234098e-01 -2.57731892e-01  2.19035980e-01
  -1.22065868e-01  1.23028087e-01 -1.27873790e-01  3.34068188e-01
  -1.23032179e-02 -2.24283154e-01]
 [ 1.49377747e-02  1.06978373e-01 -4.86609684e-03  2.33033772e-02
  -3.06720846e-02 -3.83213914e-01  4.47469457e-02 -1.23327822e-01
  -2.23582160e-01 -1.35089471e-01]
 [-8.71438649e-02 -4.77948102e-02 -6.54270625e-02  1.02693203e-01
   1.75408665e-01  1.99924415e-01 -2.00246538e-02 -2.30189507e-01
  -8.42372571e-02 -2.49109826e-01]
 [-1.24350986e-02  7.35244202e-02  2.03003167e-01  6.93026548e-02
  -3.97034856e-02 -7.09620380e-02 -3.31523281e-02  1.99906889e-02
   8.21106816e-02 -1.44668543e-02]
 [ 9.54690029e-02  2.46733601e-02  1.64747439e-01  8.55695235e-02
  -7.36166184e-02  1.36550992e-02 -8.14393027e-02 -1.24207226e-01
  -1.24398643e-02 -3.87095917e-02]
 [ 4.16452319e-02 -1.27172145e-01 -1.56223467e-01 -1.26354367e-02
  -2.89533002e-01  3.21404841e-02  2.03815287e-01 -2.08644769e-02
  -6.97989578e-04 -1.56418706e-01]
 [-1.73299559e-01 -2.82183927e-01 -4.00060301e-02  4.84356328e-02
   3.38031389e-02  1.07754526e-01  1.51180964e-01  8.89763436e-02
   1.55530929e-01 -1.21199764e-01]]
[ 1.50939094e-05  5.19764040e-05 -5.06911069e-05 -2.87272612e-05
  3.12177971e-05 -1.53182247e-04 -1.71109195e-05  1.84314245e-05
  3.92548450e-05  9.37371548e-05]
